#DataThief /home/luuk/Downloads/imf_debts.png Wednesday 13-Jan-2021 11:09:57 AM
1881.501, 20.06
1881.749, 20.39
1881.996, 20.718
1882.245, 21.048
1882.494, 21.377
1882.744, 21.377
1882.994, 21.378
1883.246, 21.049
1883.499, 20.72
1883.749, 20.721
1883.999, 20.721
1884.249, 20.721
1884.5, 20.722
1884.75, 20.722
1884.998, 21.051
1885.246, 21.38
1885.494, 21.709
1885.744, 21.71
1885.995, 21.71
1886.245, 21.71
1886.495, 21.71
1886.742, 22.04
1886.991, 22.369
1887.24, 22.698
1887.49, 22.698
1887.74, 22.698
1887.992, 22.37
1888.242, 22.37
1888.495, 22.042
1888.745, 22.042
1888.996, 21.713
1889.248, 21.714
1889.498, 21.714
1889.748, 21.714
1889.998, 21.714
1890.248, 21.714
1890.499, 21.714
1890.749, 21.716
1890.999, 21.716
1891.249, 21.716
1891.5, 21.716
1891.75, 21.717
1892.0, 21.717
1892.25, 21.717
1892.5, 21.718
1892.751, 21.718
1893.001, 21.718
1893.251, 21.718
1893.501, 21.718
1893.752, 21.718
1894.002, 21.718
1894.252, 21.72
1894.502, 21.72
1894.752, 21.72
1895.003, 21.72
1895.251, 22.05
1895.499, 22.379
1895.746, 22.708
1895.996, 22.708
1896.246, 23.037
1896.496, 23.038
1896.746, 23.038
1896.998, 22.709
1897.251, 22.381
1897.503, 22.052
1897.755, 21.724
1897.757, 21.395
1898.009, 21.066
1898.262, 20.738
1898.264, 20.409
1898.516, 20.08
1898.518, 19.752
1898.77, 19.423
1899.023, 19.095
1899.025, 18.766
1899.275, 18.766
1899.277, 18.437
1899.279, 18.108
1899.529, 18.109
1899.779, 18.109
1900.03, 18.109
1900.032, 17.78
1900.282, 17.781
1900.532, 17.781
1900.782, 17.781
1901.033, 17.782
1901.283, 17.782
1901.533, 17.782
1901.783, 17.782
1902.034, 17.783
1902.282, 18.112
1902.532, 18.112
1902.784, 17.784
1903.036, 17.455
1903.287, 17.455
1903.537, 17.456
1903.787, 17.456
1904.037, 17.456
1904.288, 17.457
1904.538, 17.457
1904.788, 17.457
1905.038, 17.457
1905.288, 17.458
1905.539, 17.458
1905.787, 17.787
1906.035, 18.116
1906.283, 18.445
1906.533, 18.446
1906.784, 18.446
1907.034, 18.446
1907.282, 18.775
1907.532, 18.776
1907.782, 18.776
1908.035, 18.447
1908.285, 18.448
1908.537, 18.119
1908.787, 18.12
1909.04, 17.791
1909.29, 17.791
1909.542, 17.463
1909.792, 17.463
1910.043, 17.463
1910.295, 17.135
1910.547, 16.806
1910.8, 16.478
1911.05, 16.478
1911.302, 16.15
1911.552, 16.15
1911.802, 16.15
1912.053, 16.15
1912.303, 16.151
1912.555, 15.822
1912.807, 15.494
1913.06, 15.165
1913.062, 14.835
1913.312, 14.837
1913.314, 14.508
1913.564, 14.508
1913.815, 14.508
1914.065, 14.509
1914.315, 14.509
1914.317, 14.18
1914.569, 13.851
1914.571, 13.523
1914.573, 13.194
1914.575, 12.865
1914.577, 12.536
1914.58, 12.207
1914.581, 11.879
1914.584, 11.55
1914.585, 11.221
1914.588, 10.892
1914.839, 10.564
1914.842, 10.234
1915.092, 10.234
1915.094, 9.906
1915.347, 9.577
1915.349, 9.249
1915.351, 8.92
1915.353, 8.591
1915.103, 8.591
1915.101, 8.92
1915.351, 8.92
1915.601, 8.92
1915.599, 9.249
1915.847, 9.577
1916.095, 9.907
1916.093, 10.236
1916.341, 10.565
1916.592, 10.565
1916.839, 10.895
1917.09, 10.895
1917.34, 10.895
1917.338, 11.224
1917.585, 11.553
1917.584, 11.882
1917.581, 12.211
1917.58, 12.54
1917.577, 12.869
1917.576, 13.197
1917.573, 13.526
1917.822, 13.855
1917.819, 14.184
1917.818, 14.513
1918.066, 14.842
1918.314, 15.171
1918.563, 15.5
1918.811, 15.829
1919.059, 16.159
1919.057, 16.487
1919.305, 16.817
1919.303, 17.145
1919.301, 17.474
1919.549, 17.803
1919.547, 18.132
1919.545, 18.461
1919.793, 18.79
1919.791, 19.119
1920.039, 19.448
1920.037, 19.777
1920.285, 20.106
1920.533, 20.435
1920.782, 20.764
1921.03, 21.093
1921.028, 21.422
1921.276, 21.751
1921.274, 22.08
1921.272, 22.409
1921.52, 22.738
1921.518, 23.067
1921.516, 23.396
1921.514, 23.725
1921.762, 24.054
1921.76, 24.383
1921.758, 24.71
1922.006, 25.041
1922.254, 25.37
1922.252, 25.698
1922.5, 26.028
1922.498, 26.355
1922.746, 26.686
1922.996, 26.686
1922.995, 27.015
1923.245, 27.015
1923.242, 27.343
1922.992, 27.343
1922.995, 27.015
1923.245, 27.015
1923.495, 27.015
1923.746, 26.687
1924.0, 26.358
1924.25, 26.358
1924.502, 26.03
1924.754, 25.701
1925.007, 25.373
1925.259, 25.044
1925.261, 24.716
1925.513, 24.387
1925.515, 24.058
1925.517, 23.729
1925.519, 23.4
1925.772, 23.072
1925.774, 22.742
1926.024, 22.742
1926.026, 22.415
1926.028, 22.086
1926.28, 21.757
1926.531, 21.758
1926.781, 21.758
1926.783, 21.429
1927.035, 21.1
1927.283, 21.43
1927.534, 21.43
1927.782, 21.759
1928.032, 21.759
1928.282, 21.76
1928.53, 22.089
1928.78, 22.089
1929.031, 22.089
1929.281, 22.09
1929.531, 22.09
1929.781, 22.09
1930.032, 22.09
1930.03, 22.419
1930.278, 22.748
1930.526, 23.078
1930.524, 23.406
1930.772, 23.734
1930.77, 24.064
1931.018, 24.393
1931.016, 24.722
1931.264, 25.051
1931.262, 25.38
1931.26, 25.709
1931.258, 26.038
1931.256, 26.367
1931.254, 26.696
1931.252, 27.024
1931.5, 27.353
1931.498, 27.682
1931.496, 28.011
1931.744, 28.34
1931.742, 28.669
1931.99, 28.998
1931.988, 29.327
1931.986, 29.656
1932.234, 29.984
1932.232, 30.314
1932.23, 30.643
1932.478, 30.972
1932.476, 31.301
1932.726, 31.301
1932.724, 31.63
1932.972, 31.959
1932.97, 32.288
1932.72, 32.287
1932.722, 31.959
1932.972, 31.959
1933.223, 31.959
1933.475, 31.631
1933.726, 31.302
1933.98, 30.974
1933.982, 30.645
1934.234, 30.316
1934.236, 29.987
1934.238, 29.659
1934.49, 29.33
1934.492, 29.001
1934.494, 28.672
1934.496, 28.343
1934.499, 28.015
1934.501, 27.686
1934.503, 27.357
1934.755, 27.028
1934.757, 26.7
1935.009, 26.371
1935.011, 26.042
1935.264, 25.714
1935.516, 25.385
1935.518, 25.056
1935.77, 24.728
1936.023, 24.399
1936.275, 24.071
1936.527, 23.742
1936.779, 23.414
1937.032, 23.085
1937.282, 23.085
1937.532, 23.086
1937.782, 23.086
1937.784, 22.757
1938.035, 22.758
1938.283, 23.087
1938.531, 23.416
1938.781, 23.416
1939.029, 23.745
1939.027, 24.074
1939.275, 24.403
1939.273, 24.732
1939.522, 25.061
1939.519, 25.39
1939.768, 25.718
1940.016, 26.048
1940.266, 26.048
1940.516, 26.049
1940.766, 26.049
1941.017, 26.049
1941.265, 26.378
1941.513, 26.708
1941.761, 27.037
1942.009, 27.366
1942.257, 27.694
1942.255, 28.024
1942.506, 28.024
1942.756, 28.024
1943.004, 28.353
1943.002, 28.682
1943.0, 29.011
1942.998, 29.34
1942.996, 29.669
1943.244, 29.998
1943.242, 30.327
1943.24, 30.656
1943.238, 30.984
1943.236, 31.313
1943.234, 31.642
1943.232, 31.971
1943.23, 32.3
1943.228, 32.629
1943.225, 32.956
1943.223, 33.286
1943.221, 33.615
1943.219, 33.944
1943.217, 34.273
1943.465, 34.601
1943.463, 34.931
1943.461, 35.259
1943.459, 35.588
1943.457, 35.917
1943.455, 36.246
1943.702, 36.575
1943.701, 36.904
1943.698, 37.233
1943.697, 37.562
1943.694, 37.89
1943.943, 38.22
1943.94, 38.548
1943.939, 38.877
1943.937, 39.206
1943.935, 39.535
1944.183, 39.863
1944.181, 40.193
1944.179, 40.522
1944.177, 40.85
1944.175, 41.179
1944.423, 41.508
1944.421, 41.837
1944.419, 42.166
1944.417, 42.495
1944.665, 42.823
1944.663, 43.153
1944.661, 43.482
1944.659, 43.811
1944.907, 44.14
1944.905, 44.468
1944.903, 44.797
1945.151, 45.126
1945.149, 45.455
1945.147, 45.784
1945.395, 46.113
1945.393, 46.442
1945.641, 46.771
1945.892, 46.771
1946.14, 47.101
1946.39, 47.101
1946.64, 47.101
1946.642, 46.772
1946.892, 46.773
1946.642, 46.772
1946.392, 46.772
1946.644, 46.444
1946.894, 46.444
1946.897, 46.115
1946.899, 45.786
1946.901, 45.457
1947.153, 45.129
1947.155, 44.8
1947.157, 44.471
1947.159, 44.142
1947.161, 43.813
1947.163, 43.484
1947.165, 43.156
1947.167, 42.827
1947.169, 42.498
1947.171, 42.169
1947.173, 41.839
1947.426, 41.512
1947.428, 41.183
1947.43, 40.854
1947.432, 40.525
1947.684, 40.197
1947.686, 39.867
1947.688, 39.539
1947.94, 39.211
1947.943, 38.882
1947.944, 38.553
1948.197, 38.225
1948.199, 37.896
1948.201, 37.567
1948.453, 37.238
1948.455, 36.91
1948.457, 36.581
1948.71, 36.252
1948.962, 35.924
1949.214, 35.595
1949.467, 35.267
1949.718, 34.938
1949.721, 34.609
1949.972, 34.281
1949.975, 33.952
1950.228, 33.623
1950.48, 33.295
1950.482, 32.966
1950.734, 32.637
1950.986, 32.309
1950.988, 31.98
1951.241, 31.651
1951.492, 31.323
1951.742, 31.323
1951.996, 30.995
1952.246, 30.995
1952.498, 30.666
1952.5, 30.338
1952.752, 30.009
1953.003, 30.009
1953.255, 29.681
1953.505, 29.681
1953.755, 29.681
1954.008, 29.353
1954.258, 29.353
1954.508, 29.354
1954.76, 29.025
1955.011, 29.025
1955.261, 29.026
1955.513, 28.697
1955.765, 28.367
1956.016, 28.369
1956.268, 28.04
1956.52, 27.712
1956.772, 27.383
1957.023, 27.383
1957.273, 27.384
1957.523, 27.384
1957.773, 27.384
1958.024, 27.385
1958.274, 27.385
1958.526, 27.056
1958.776, 27.057
1959.026, 27.057
1959.277, 27.057
1959.527, 27.058
1959.777, 27.058
1960.027, 27.058
1960.278, 27.058
1960.528, 27.059
1960.776, 27.388
1960.774, 27.717
1961.022, 28.046
1961.02, 28.375
1961.268, 28.704
1961.266, 29.033
1961.514, 29.362
1961.512, 29.69
1961.762, 29.69
1961.76, 30.02
1962.009, 30.349
1962.259, 30.349
1962.509, 30.349
1962.759, 30.35
1963.009, 30.35
1963.262, 30.021
1963.512, 30.022
1963.764, 29.693
1964.016, 29.365
1964.269, 29.036
1964.521, 28.708
1964.773, 28.379
1965.024, 28.379
1965.274, 28.38
1965.524, 28.38
1965.774, 28.38
1966.024, 28.381
1966.275, 28.381
1966.525, 28.381
1966.775, 28.381
1967.025, 28.382
1967.273, 28.71
1967.524, 28.71
1967.772, 29.04
1968.02, 29.369
1968.27, 29.37
1968.518, 29.698
1968.769, 29.698
1968.767, 30.028
1969.017, 30.028
1969.267, 30.028
1969.517, 30.029
1969.767, 30.029
1970.018, 30.029
1970.268, 30.03
1970.518, 30.03
1970.768, 30.03
1971.019, 30.031
1971.269, 30.031
1971.519, 30.031
1971.769, 30.031
1972.019, 30.032
1972.268, 30.361
1972.518, 30.361
1972.768, 30.361
1973.018, 30.362
1973.269, 30.362
1973.521, 30.033
1973.773, 29.705
1974.025, 29.376
1974.276, 29.377
1974.526, 29.377
1974.776, 29.377
1975.026, 29.378
1975.274, 29.706
1975.272, 30.036
1975.521, 30.365
1975.769, 30.694
1976.017, 31.023
1976.267, 31.023
1976.515, 31.351
1976.763, 31.681
1976.761, 32.01
1977.009, 32.339
1977.258, 32.669
1977.506, 32.998
1977.754, 33.327
1978.002, 33.656
1978.25, 33.984
1978.498, 34.314
1978.749, 34.314
1979.001, 33.986
1979.251, 33.986
1979.503, 33.658
1979.756, 33.329
1980.006, 33.329
1980.258, 33.001
1980.508, 33.001
1980.757, 33.33
1981.005, 33.659
1981.003, 33.988
1981.251, 34.317
1981.499, 34.647
1981.496, 34.975
1981.495, 35.304
1981.742, 35.633
1981.741, 35.962
1981.738, 36.291
1981.987, 36.62
1981.984, 36.948
1981.983, 37.278
1981.98, 37.607
1981.979, 37.935
1981.976, 38.264
1981.975, 38.593
1981.972, 38.922
1981.971, 39.251
1982.219, 39.58
1982.217, 39.909
1982.215, 40.237
1982.463, 40.567
1982.461, 40.895
1982.459, 41.224
1982.706, 41.553
1982.705, 41.882
1982.702, 42.211
1982.951, 42.54
1982.948, 42.869
1982.947, 43.198
1982.944, 43.527
1983.195, 43.527
1983.443, 43.855
1983.693, 43.855
1983.944, 43.857
1984.194, 43.857
1984.444, 43.857
1984.692, 44.186
1984.943, 44.187
1985.191, 44.516
1985.441, 44.516
1985.439, 44.845
1985.687, 45.174
1985.685, 45.503
1985.683, 45.831
1985.681, 46.161
1985.679, 46.488
1985.927, 46.818
1985.925, 47.147
1985.923, 47.476
1985.921, 47.805
1985.919, 48.134
1985.917, 48.463
1985.915, 48.791
1985.913, 49.12
1985.911, 49.449
1985.908, 49.778
1985.906, 50.107
1986.155, 50.436
1986.152, 50.765
1986.401, 51.094
1986.399, 51.423
1986.647, 51.752
1986.895, 52.081
1986.893, 52.41
1987.141, 52.738
1987.389, 53.068
1987.387, 53.397
1987.635, 53.726
1987.883, 54.055
1988.132, 54.384
1988.13, 54.713
1988.378, 55.042
1988.628, 55.042
1988.626, 55.371
1988.876, 55.371
1989.124, 55.701
1989.121, 56.03
1989.12, 56.358
1989.37, 56.359
1989.371, 56.03
1989.375, 55.701
1989.126, 55.371
1989.377, 55.371
1989.379, 55.043
1989.631, 54.714
1989.633, 54.386
1989.635, 54.057
1989.637, 53.728
1989.639, 53.399
1989.641, 53.071
1989.643, 52.742
1989.645, 52.413
1989.647, 52.084
1989.649, 51.755
1989.651, 51.426
1989.654, 51.098
1989.906, 50.769
1989.908, 50.44
1989.91, 50.111
1989.912, 49.783
1990.164, 49.454
1990.414, 49.454
1990.667, 49.126
1990.917, 49.126
1991.169, 48.798
1991.419, 48.798
1991.672, 48.468
1991.924, 48.141
1992.176, 47.812
1992.429, 47.484
1992.681, 47.155
1992.931, 47.156
1992.933, 46.827
1993.183, 46.827
1993.434, 46.827
1993.436, 46.498
1993.438, 46.17
1993.44, 45.841
1993.442, 45.512
1993.444, 45.183
1993.446, 44.854
1993.448, 44.525
1993.45, 44.197
1993.452, 43.867
1993.454, 43.539
1993.456, 43.21
1993.458, 42.881
1993.46, 42.553
1993.462, 42.224
1993.464, 41.895
1993.467, 41.565
1993.718, 41.237
1993.721, 40.909
1993.722, 40.58
1993.725, 40.251
1993.726, 39.922
1993.729, 39.593
1993.98, 39.265
1993.983, 38.936
1993.984, 38.607
1993.988, 38.278
1993.99, 37.948
1993.992, 37.621
1994.244, 37.292
1994.246, 36.963
1994.248, 36.634
1994.5, 36.306
1994.502, 35.976
1994.755, 35.649
1994.757, 35.32
1995.009, 34.991
1995.011, 34.662
1995.263, 34.334
1995.516, 34.005
1995.766, 34.006
1996.018, 33.677
1996.268, 33.677
1996.519, 33.678
1996.769, 33.678
1996.771, 33.349
1997.021, 33.349
1997.271, 33.35
1997.269, 33.679
1997.517, 34.008
1997.515, 34.336
1997.513, 34.665
1997.511, 34.994
1997.509, 35.323
1997.507, 35.652
1997.505, 35.98
1997.753, 36.31
1997.751, 36.639
1997.749, 36.967
1997.746, 37.296
1997.745, 37.625
1997.742, 37.954
1997.741, 38.283
1997.738, 38.612
1997.737, 38.94
1997.734, 39.269
1997.733, 39.597
1997.73, 39.927
1997.729, 40.256
1997.726, 40.585
1997.724, 40.913
1997.972, 41.242
1997.971, 41.571
1997.968, 41.9
1997.966, 42.229
1998.215, 42.558
1998.213, 42.887
1998.21, 43.216
1998.208, 43.545
1998.457, 43.874
1998.454, 44.203
1998.452, 44.531
1998.45, 44.859
1998.698, 45.189
1998.696, 45.518
1998.694, 45.847
1998.692, 46.176
1998.94, 46.505
1998.938, 46.834
1998.936, 47.163
1999.185, 47.492
1999.183, 47.821
1999.18, 48.149
1999.429, 48.478
1999.427, 48.807
1999.675, 49.136
1999.673, 49.465
1999.921, 49.794
1999.919, 50.123
2000.169, 50.124
2000.419, 50.124
2000.669, 50.124
2000.918, 50.453
2001.166, 50.782
2001.164, 51.111
2001.412, 51.44
2001.66, 51.769
2001.908, 52.099
2002.158, 52.099
2002.156, 52.428
2002.154, 52.756
2001.904, 52.756
2001.906, 52.427
2001.656, 52.427
2001.906, 52.427
2002.158, 52.099
2002.409, 52.099
2002.411, 51.77
2002.413, 51.441
2002.665, 51.113
2002.667, 50.784
2002.919, 50.456
2002.921, 50.127
2003.174, 49.798
2003.176, 49.468
2003.178, 49.141
2003.18, 48.812
2003.182, 48.483
2003.184, 48.154
2003.436, 47.826
2003.438, 47.496
2003.44, 47.168
2003.693, 46.839
2003.694, 46.511
2003.697, 46.182
2003.948, 45.853
2003.951, 45.524
2003.952, 45.195
2004.205, 44.867
2004.208, 44.538
2004.21, 44.209
2004.462, 43.881
2004.464, 43.552
2004.466, 43.223
2004.468, 42.894
2004.72, 42.565
2004.722, 42.237
2004.724, 41.908
2004.976, 41.58
2004.979, 41.251
2004.98, 40.922
2005.233, 40.593
2005.234, 40.265
2005.237, 39.936
2005.238, 39.607
2005.492, 39.278
2005.494, 38.948
2005.496, 38.621
2005.748, 38.292
2005.75, 37.963
2005.752, 37.634
2006.004, 37.306
2006.257, 36.976
2006.509, 36.649
2006.761, 36.32
2007.013, 35.992
2007.264, 35.992
2007.512, 36.321
2007.762, 36.322
2008.01, 36.651
2008.258, 36.98
2008.256, 37.309
2008.254, 37.637
2008.502, 37.967
2008.5, 38.295
2008.498, 38.624
2008.746, 38.952
2008.744, 39.282
2008.992, 39.611
2008.991, 39.94
2009.241, 39.94
2009.238, 40.269
2009.487, 40.597
2009.737, 40.599
2009.988, 40.27
2010.242, 39.942
2010.492, 39.942
2010.742, 39.942
2010.992, 39.942
2011.242, 39.943
2011.492, 39.943
2011.742, 39.943
2011.992, 39.944
2012.241, 40.273
2012.49, 40.601
2012.738, 40.931
2012.986, 41.26
2013.234, 41.589
2013.482, 41.918
2013.48, 42.246
2013.728, 42.576
2013.726, 42.905
2013.974, 43.234
2014.223, 43.563
2014.221, 43.892
2014.468, 44.221
2014.467, 44.55
2014.465, 44.879
2014.463, 45.208
2014.71, 45.537
2014.959, 45.866
2014.956, 46.195
2015.205, 46.524
2015.453, 46.853
2015.451, 47.182
2015.698, 47.511
2015.947, 47.839
2016.196, 48.169
2016.444, 48.498
2016.692, 48.827
2016.94, 49.157
2017.188, 49.486
2017.186, 49.815
2017.434, 50.144
2017.682, 50.472
2017.68, 50.802
2017.929, 51.131
2018.177, 51.46
2018.175, 51.789
2018.423, 52.117
2018.671, 52.447
2018.669, 52.776
2018.667, 53.105
2018.665, 53.434
2018.663, 53.762
2018.911, 54.091
2018.909, 54.42
2018.907, 54.749
2018.905, 55.078
2018.903, 55.407
2018.901, 55.736
2018.899, 56.064
2018.897, 56.393
2019.145, 56.722
2019.143, 57.051
2019.141, 57.38
2019.139, 57.709
2019.136, 58.038
2019.134, 58.367
2019.132, 58.694
2019.13, 59.024
2019.128, 59.353
2019.376, 59.682
2019.374, 60.011
2019.371, 60.34
2019.37, 60.669
2019.367, 60.996
2019.366, 61.326
2019.363, 61.655
2019.362, 61.984
2019.609, 62.313
2019.608, 62.642
2019.605, 62.971
2019.604, 63.3
2019.851, 63.629
2019.85, 63.958
2020.098, 64.287
2020.096, 64.615
2020.343, 64.944
2020.342, 65.273
2020.591, 65.603
2020.841, 65.603
2020.843, 65.274
2021.095, 64.946
2021.347, 64.617
2021.6, 64.288
