#DataThief /home/luuk/Downloads/imf_debts.png Wednesday 13-Jan-2021 11:10:16 AM
1880.789, 53.929
1881.039, 53.93
1881.289, 53.93
1881.539, 53.93
1881.787, 54.259
1882.038, 54.26
1882.288, 54.26
1882.538, 54.26
1882.54, 53.931
1882.542, 53.603
1882.795, 53.274
1882.797, 52.944
1882.799, 52.616
1883.051, 52.288
1883.303, 51.959
1883.305, 51.63
1883.555, 51.631
1883.558, 51.302
1883.808, 51.302
1884.06, 50.974
1884.31, 50.974
1884.56, 50.974
1884.811, 50.975
1885.061, 50.975
1885.309, 51.304
1885.559, 51.304
1885.807, 51.633
1886.058, 51.634
1886.306, 51.963
1886.556, 51.963
1886.806, 51.963
1887.057, 51.964
1887.307, 51.964
1887.555, 52.293
1887.805, 52.293
1888.053, 52.621
1888.304, 52.623
1888.554, 52.623
1888.804, 52.623
1889.056, 52.295
1889.309, 51.966
1889.311, 51.637
1889.563, 51.309
1889.565, 50.98
1889.817, 50.652
1889.819, 50.323
1890.072, 49.994
1890.074, 49.665
1890.326, 49.337
1890.328, 49.008
1890.58, 48.679
1890.581, 48.351
1890.835, 48.022
1891.087, 47.694
1891.339, 47.365
1891.341, 47.036
1891.591, 47.037
1891.839, 47.366
1892.09, 47.366
1892.34, 47.366
1892.589, 47.367
1892.838, 47.696
1893.089, 47.696
1893.337, 48.025
1893.587, 48.025
1893.835, 48.354
1894.083, 48.684
1894.331, 49.013
1894.58, 49.342
1894.577, 49.671
1894.827, 49.671
1894.826, 50.0
1895.074, 50.329
1895.324, 50.329
1895.576, 50.001
1895.829, 49.672
1896.081, 49.343
1896.333, 49.015
1896.585, 48.687
1896.835, 48.687
1897.086, 48.687
1897.088, 48.358
1897.34, 48.03
1897.342, 47.701
1897.595, 47.371
1897.597, 47.044
1897.849, 46.714
1898.101, 46.386
1898.103, 46.058
1898.355, 45.729
1898.358, 45.4
1898.359, 45.071
1898.612, 44.742
1898.863, 44.414
1899.117, 44.086
1899.369, 43.757
1899.621, 43.429
1899.873, 43.1
1900.126, 42.772
1900.378, 42.443
1900.628, 42.443
1900.88, 42.115
1901.131, 42.115
1901.133, 41.786
1901.383, 41.787
1901.631, 42.116
1901.881, 42.116
1902.132, 42.116
1902.382, 42.117
1902.63, 42.446
1902.88, 42.446
1903.13, 42.446
1903.381, 42.447
1903.383, 42.117
1903.635, 41.789
1903.887, 41.461
1904.139, 41.132
1904.39, 41.133
1904.64, 41.133
1904.888, 41.462
1905.138, 41.462
1905.389, 41.463
1905.639, 41.463
1905.889, 41.463
1906.139, 41.463
1906.391, 41.135
1906.394, 40.806
1906.646, 40.478
1906.648, 40.149
1906.9, 39.819
1906.902, 39.491
1906.904, 39.163
1907.157, 38.834
1907.409, 38.505
1907.661, 38.177
1907.663, 37.847
1907.913, 37.847
1907.915, 37.52
1907.917, 37.191
1907.92, 36.862
1907.922, 36.533
1908.172, 36.533
1908.17, 36.862
1908.418, 37.191
1908.168, 37.191
1908.416, 37.52
1908.166, 37.52
1908.414, 37.849
1908.662, 38.178
1908.66, 38.507
1908.908, 38.835
1908.906, 39.165
1909.154, 39.494
1909.404, 39.494
1909.657, 39.166
1909.909, 38.837
1910.159, 38.838
1910.411, 38.509
1910.664, 38.18
1910.916, 37.851
1911.168, 37.523
1911.421, 37.195
1911.423, 36.866
1911.675, 36.537
1911.927, 36.209
1911.929, 35.88
1912.182, 35.552
1912.434, 35.223
1912.686, 34.895
1912.688, 34.565
1912.69, 34.237
1912.692, 33.908
1912.944, 33.58
1913.197, 33.251
1913.449, 32.922
1913.698, 32.923
1913.952, 32.593
1914.202, 32.593
1914.45, 32.924
1914.7, 32.924
1914.95, 32.924
1915.199, 33.253
1915.197, 33.581
1915.445, 33.911
1915.443, 34.24
1915.441, 34.569
1915.689, 34.898
1915.687, 35.227
1915.685, 35.556
1915.933, 35.885
1915.931, 36.214
1915.929, 36.542
1915.927, 36.871
1915.925, 37.2
1916.173, 37.529
1916.171, 37.858
1916.169, 38.187
1916.417, 38.516
1916.415, 38.845
1916.663, 39.174
1916.661, 39.503
1916.909, 39.831
1916.907, 40.161
1916.905, 40.49
1916.903, 40.818
1916.901, 41.147
1917.149, 41.476
1917.147, 41.805
1917.145, 42.134
1917.143, 42.463
1917.141, 42.792
1917.139, 43.121
1917.137, 43.449
1917.385, 43.778
1917.383, 44.107
1917.381, 44.436
1917.379, 44.765
1917.377, 45.094
1917.374, 45.423
1917.371, 45.751
1917.37, 46.08
1917.619, 46.409
1917.616, 46.738
1917.613, 47.067
1917.612, 47.396
1917.609, 47.725
1917.608, 48.054
1917.605, 48.382
1917.854, 48.712
1917.851, 49.04
1917.85, 49.369
1917.847, 49.698
1917.846, 50.027
1917.843, 50.355
1918.092, 50.685
1918.09, 51.014
1918.088, 51.342
1918.086, 51.671
1918.084, 52.0
1918.332, 52.329
1918.33, 52.658
1918.328, 52.987
1918.326, 53.316
1918.324, 53.645
1918.572, 53.974
1918.569, 54.302
1918.568, 54.631
1918.565, 54.96
1918.564, 55.289
1918.812, 55.617
1918.81, 55.947
1918.808, 56.276
1918.806, 56.605
1918.804, 56.933
1918.802, 57.262
1918.8, 57.591
1918.798, 57.92
1918.796, 58.249
1919.044, 58.577
1919.042, 58.907
1919.04, 59.236
1919.038, 59.564
1919.036, 59.893
1919.033, 60.222
1919.031, 60.551
1919.029, 60.88
1919.027, 61.208
1919.025, 61.537
1919.273, 61.866
1919.271, 62.195
1919.269, 62.524
1919.267, 62.853
1919.265, 63.182
1919.263, 63.511
1919.261, 63.839
1919.259, 64.168
1919.257, 64.496
1919.255, 64.826
1919.253, 65.155
1919.501, 65.484
1919.499, 65.813
1919.496, 66.142
1919.495, 66.47
1919.492, 66.799
1919.491, 67.128
1919.488, 67.457
1919.487, 67.786
1919.484, 68.114
1919.482, 68.443
1919.73, 68.772
1919.979, 69.102
1920.229, 69.102
1920.476, 69.431
1920.725, 69.76
1920.722, 70.089
1920.721, 70.418
1920.718, 70.746
1920.717, 71.075
1920.964, 71.405
1920.963, 71.733
1920.96, 72.062
1920.959, 72.391
1920.956, 72.72
1920.955, 73.049
1920.952, 73.378
1920.951, 73.706
1921.199, 74.035
1921.197, 74.363
1921.195, 74.693
1921.193, 75.022
1921.191, 75.351
1921.189, 75.68
1921.187, 76.008
1921.185, 76.337
1921.433, 76.666
1921.431, 76.995
1921.429, 77.324
1921.427, 77.653
1921.425, 77.982
1921.423, 78.311
1921.671, 78.64
1921.669, 78.968
1921.667, 79.297
1921.915, 79.626
1921.913, 79.955
1921.911, 80.284
1922.159, 80.613
1922.157, 80.942
1922.407, 80.942
1922.405, 81.271
1922.653, 81.6
1922.651, 81.929
1922.649, 82.258
1922.647, 82.587
1922.899, 82.258
1922.901, 81.929
1922.903, 81.601
1922.901, 81.929
1923.154, 81.601
1923.156, 81.272
1923.408, 80.944
1923.41, 80.615
1923.412, 80.286
1923.664, 79.956
1923.666, 79.628
1923.919, 79.3
1923.921, 78.971
1923.923, 78.642
1923.925, 78.313
1923.927, 77.984
1924.179, 77.656
1924.181, 77.327
1924.183, 76.998
1924.435, 76.67
1924.438, 76.341
1924.69, 76.013
1924.692, 75.684
1924.694, 75.355
1924.696, 75.026
1924.698, 74.697
1924.7, 74.367
1924.702, 74.04
1924.704, 73.71
1924.956, 73.382
1924.959, 73.053
1924.96, 72.725
1924.963, 72.396
1924.964, 72.067
1924.967, 71.738
1924.968, 71.409
1924.971, 71.08
1924.972, 70.752
1925.225, 70.423
1925.227, 70.094
1925.229, 69.765
1925.231, 69.437
1925.233, 69.108
1925.236, 68.779
1925.238, 68.45
1925.24, 68.121
1925.242, 67.792
1925.494, 67.464
1925.496, 67.135
1925.498, 66.806
1925.5, 66.476
1925.502, 66.149
1925.504, 65.819
1925.757, 65.491
1925.759, 65.162
1925.761, 64.834
1925.763, 64.505
1926.015, 64.176
1926.017, 63.847
1926.019, 63.519
1926.021, 63.19
1926.273, 62.861
1926.275, 62.532
1926.278, 62.203
1926.28, 61.875
1926.532, 61.546
1926.534, 61.217
1926.536, 60.888
1926.538, 60.56
1926.79, 60.231
1927.041, 60.231
1927.291, 60.232
1927.541, 60.232
1927.793, 59.903
1928.046, 59.575
1928.048, 59.246
1928.3, 58.918
1928.552, 58.589
1928.554, 58.26
1928.807, 57.932
1929.059, 57.603
1929.309, 57.603
1929.311, 57.275
1929.561, 57.275
1929.812, 57.275
1929.814, 56.946
1929.815, 56.617
1929.565, 56.617
1929.563, 56.946
1929.561, 57.275
1929.559, 57.604
1929.809, 57.604
1930.06, 57.604
1930.058, 57.933
1930.306, 58.262
1930.304, 58.591
1930.302, 58.92
1930.55, 59.249
1930.548, 59.577
1930.546, 59.907
1930.544, 60.236
1930.542, 60.564
1930.54, 60.893
1930.788, 61.222
1930.786, 61.551
1930.784, 61.88
1930.782, 62.209
1930.779, 62.538
1930.777, 62.866
1931.026, 63.196
1931.024, 63.524
1931.021, 63.853
1931.019, 64.182
1931.017, 64.511
1931.015, 64.839
1931.013, 65.169
1931.261, 65.498
1931.259, 65.826
1931.257, 66.155
1931.255, 66.484
1931.253, 66.813
1931.251, 67.142
1931.499, 67.471
1931.496, 67.8
1931.495, 68.129
1931.492, 68.457
1931.491, 68.786
1931.488, 69.115
1931.737, 69.444
1931.734, 69.773
1931.733, 70.102
1931.73, 70.431
1931.729, 70.76
1931.726, 71.088
1931.975, 71.417
1931.972, 71.746
1931.971, 72.075
1931.968, 72.404
1931.967, 72.733
1931.964, 73.062
1932.213, 73.391
1932.211, 73.72
1932.209, 74.048
1932.207, 74.377
1932.205, 74.706
1932.203, 75.035
1932.451, 75.363
1932.449, 75.693
1932.447, 76.022
1932.445, 76.35
1932.443, 76.679
1932.69, 77.008
1932.689, 77.337
1932.687, 77.666
1932.935, 77.995
1932.933, 78.324
1932.931, 78.653
1933.179, 78.982
1933.427, 79.311
1933.675, 79.64
1933.673, 79.968
1933.423, 79.968
1933.425, 79.64
1933.677, 79.311
1933.925, 79.641
1933.927, 79.312
1934.18, 78.983
1934.432, 78.655
1934.434, 78.326
1934.686, 77.996
1934.688, 77.668
1934.69, 77.34
1934.943, 77.011
1934.944, 76.682
1934.947, 76.353
1934.948, 76.025
1934.951, 75.696
1934.952, 75.367
1934.955, 75.038
1934.956, 74.709
1935.209, 74.381
1935.211, 74.052
1935.214, 73.722
1935.216, 73.394
1935.468, 73.066
1935.47, 72.737
1935.722, 72.408
1935.724, 72.08
1935.976, 71.751
1935.979, 71.422
1936.231, 71.094
1936.233, 70.765
1936.484, 70.436
1936.487, 70.107
1936.488, 69.779
1936.742, 69.45
1936.744, 69.121
1936.746, 68.792
1936.998, 68.464
1937.0, 68.135
1937.002, 67.806
1937.004, 67.476
1937.256, 67.149
1937.258, 66.819
1937.509, 66.819
1937.511, 66.491
1937.761, 66.492
1937.763, 66.163
1938.013, 66.163
1938.263, 66.164
1938.512, 66.492
1938.762, 66.492
1939.012, 66.492
1939.262, 66.494
1939.513, 66.494
1939.765, 66.165
1939.767, 65.835
1940.019, 65.508
1940.021, 65.179
1940.273, 64.851
1940.276, 64.522
1940.528, 64.193
1940.53, 63.863
1940.78, 63.865
1940.782, 63.536
1941.032, 63.536
1941.283, 63.536
1941.531, 63.866
1941.529, 64.194
1941.777, 64.524
1941.775, 64.851
1941.773, 65.181
1941.771, 65.51
1942.019, 65.839
1942.017, 66.168
1942.015, 66.496
1942.263, 66.826
1942.261, 67.155
1942.259, 67.484
1942.257, 67.812
1942.255, 68.141
1942.253, 68.47
1942.251, 68.799
1942.499, 69.128
1942.496, 69.457
1942.495, 69.786
1942.492, 70.114
1942.491, 70.443
1942.488, 70.772
1942.486, 71.101
1942.484, 71.43
1942.482, 71.759
1942.48, 72.087
1942.478, 72.416
1942.476, 72.745
1942.474, 73.074
1942.722, 73.403
1942.72, 73.732
1942.718, 74.061
1942.716, 74.39
1942.714, 74.718
1942.712, 75.047
1942.71, 75.376
1942.708, 75.705
1942.706, 76.034
1942.704, 76.363
1942.702, 76.69
1942.7, 77.02
1942.698, 77.349
1942.946, 77.678
1942.944, 78.007
1942.942, 78.336
1942.94, 78.665
1942.937, 78.992
1942.935, 79.322
1942.933, 79.651
1942.931, 79.98
1942.929, 80.309
1942.927, 80.638
1942.925, 80.966
1942.923, 81.295
1942.921, 81.624
1942.919, 81.952
1943.167, 82.282
1943.165, 82.611
1943.163, 82.94
1943.161, 83.269
1943.159, 83.597
1943.157, 83.926
1943.155, 84.255
1943.153, 84.584
1943.151, 84.913
1943.149, 85.242
1943.147, 85.569
1943.145, 85.899
1943.142, 86.228
1943.391, 86.557
1943.389, 86.886
1943.387, 87.215
1943.384, 87.544
1943.382, 87.871
1943.38, 88.201
1943.378, 88.53
1943.376, 88.859
1943.374, 89.188
1943.371, 89.517
1943.37, 89.845
1943.367, 90.174
1943.616, 90.503
1943.613, 90.831
1943.612, 91.161
1943.609, 91.49
1943.608, 91.819
1943.605, 92.148
1943.604, 92.476
1943.601, 92.805
1943.6, 93.134
1943.597, 93.463
1943.596, 93.792
1943.593, 94.12
1943.842, 94.45
1943.839, 94.778
1943.838, 95.107
1943.835, 95.436
1943.833, 95.765
1943.831, 96.094
1943.829, 96.423
1943.827, 96.751
1943.825, 97.08
1943.823, 97.409
1943.821, 97.738
1943.819, 98.067
1943.817, 98.396
1944.065, 98.725
1944.063, 99.054
1944.061, 99.382
1944.059, 99.71
1944.057, 100.04
1944.055, 100.369
1944.053, 100.698
1944.051, 101.026
1944.049, 101.355
1944.047, 101.684
1944.045, 102.013
1944.043, 102.342
1944.291, 102.671
1944.289, 103.0
1944.287, 103.329
1944.285, 103.657
1944.282, 103.986
1944.28, 104.315
1944.278, 104.644
1944.276, 104.972
1944.274, 105.302
1944.272, 105.63
1944.27, 105.959
1944.268, 106.288
1944.516, 106.617
1944.514, 106.946
1944.512, 107.275
1944.51, 107.604
1944.508, 107.932
1944.506, 108.261
1944.504, 108.589
1944.502, 108.919
1944.5, 109.248
1944.498, 109.577
1944.496, 109.905
1944.494, 110.234
1944.492, 110.563
1944.74, 110.892
1944.738, 111.221
1944.736, 111.55
1944.734, 111.879
1944.73, 112.208
1944.729, 112.536
1944.726, 112.865
1944.725, 113.194
1944.722, 113.523
1944.721, 113.851
1944.718, 114.181
1944.717, 114.509
1944.714, 114.838
1944.963, 115.167
1944.96, 115.496
1944.959, 115.825
1944.956, 116.154
1944.955, 116.483
1944.952, 116.811
1944.951, 117.14
1944.948, 117.468
1944.947, 117.798
1945.195, 118.127
1945.193, 118.456
1945.191, 118.785
1945.189, 119.114
1945.187, 119.442
1945.435, 119.772
1945.433, 120.1
1945.431, 120.429
1945.429, 120.758
1945.427, 121.087
1945.425, 121.416
1945.673, 121.745
1945.671, 122.074
1945.919, 122.403
1946.167, 122.732
1946.165, 123.061
1946.163, 123.39
1946.161, 123.718
1946.159, 124.047
1946.157, 124.376
1945.906, 124.376
1945.909, 124.047
1946.159, 124.047
1946.409, 124.047
1946.411, 123.718
1946.413, 123.39
1946.415, 123.061
1946.417, 122.732
1946.169, 122.403
1946.419, 122.403
1946.171, 122.074
1946.173, 121.745
1946.175, 121.417
1946.177, 121.088
1946.179, 120.759
1946.181, 120.43
1946.183, 120.101
1946.436, 119.773
1946.438, 119.444
1946.44, 119.115
1946.442, 118.786
1946.444, 118.457
1946.446, 118.129
1946.448, 117.8
1946.45, 117.471
1946.452, 117.142
1946.454, 116.813
1946.456, 116.484
1946.458, 116.156
1946.71, 115.827
1946.713, 115.498
1946.714, 115.169
1946.717, 114.841
1946.718, 114.512
1946.721, 114.183
1946.722, 113.854
1946.725, 113.525
1946.726, 113.196
1946.729, 112.867
1946.73, 112.539
1946.733, 112.21
1946.734, 111.881
1946.988, 111.553
1946.99, 111.224
1946.992, 110.895
1946.994, 110.565
1946.996, 110.237
1946.998, 109.908
1947.0, 109.58
1947.002, 109.251
1947.004, 108.922
1947.006, 108.593
1947.008, 108.264
1947.26, 107.936
1947.263, 107.607
1947.265, 107.278
1947.267, 106.948
1947.269, 106.62
1947.271, 106.292
1947.273, 105.963
1947.275, 105.634
1947.277, 105.305
1947.529, 104.976
1947.531, 104.648
1947.533, 104.319
1947.535, 103.99
1947.537, 103.661
1947.539, 103.332
1947.542, 103.004
1947.544, 102.675
1947.546, 102.346
1947.548, 102.017
1947.8, 101.689
1947.802, 101.359
1947.804, 101.031
1947.806, 100.702
1947.808, 100.373
1947.81, 100.044
1947.812, 99.716
1947.814, 99.387
1947.815, 99.058
1947.818, 98.729
1948.071, 98.401
1948.073, 98.072
1948.075, 97.742
1948.077, 97.414
1948.079, 97.085
1948.081, 96.756
1948.083, 96.428
1948.085, 96.099
1948.087, 95.77
1948.34, 95.441
1948.342, 95.113
1948.343, 94.784
1948.346, 94.455
1948.347, 94.126
1948.35, 93.797
1948.601, 93.468
1948.604, 93.14
1948.605, 92.811
1948.608, 92.482
1948.609, 92.153
1948.612, 91.825
1948.613, 91.496
1948.867, 91.167
1948.869, 90.838
1948.871, 90.51
1948.873, 90.181
1948.875, 89.851
1948.877, 89.523
1948.879, 89.194
1949.131, 88.866
1949.133, 88.537
1949.135, 88.208
1949.137, 87.879
1949.14, 87.55
1949.142, 87.222
1949.394, 86.893
1949.396, 86.564
1949.398, 86.234
1949.4, 85.907
1949.402, 85.577
1949.654, 85.249
1949.656, 84.92
1949.658, 84.591
1949.661, 84.263
1949.663, 83.934
1949.915, 83.605
1949.917, 83.276
1949.919, 82.948
1949.921, 82.619
1949.923, 82.29
1950.175, 81.96
1950.177, 81.633
1950.18, 81.304
1950.182, 80.975
1950.184, 80.646
1950.186, 80.317
1950.438, 79.988
1950.44, 79.66
1950.442, 79.331
1950.444, 79.002
1950.446, 78.673
1950.448, 78.345
1950.45, 78.016
1950.452, 77.687
1950.454, 77.358
1950.706, 77.03
1950.709, 76.701
1950.71, 76.371
1950.713, 76.043
1950.714, 75.714
1950.717, 75.385
1950.718, 75.057
1950.721, 74.728
1950.722, 74.399
1950.725, 74.07
1950.976, 73.742
1950.98, 73.413
1950.982, 73.084
1950.984, 72.755
1950.986, 72.426
1950.988, 72.097
1950.99, 71.769
1950.992, 71.44
1950.994, 71.111
1951.246, 70.782
1951.248, 70.454
1951.25, 70.125
1951.252, 69.796
1951.254, 69.467
1951.507, 69.139
1951.509, 68.81
1951.511, 68.48
1951.763, 68.152
1951.765, 67.823
1951.767, 67.495
1952.02, 67.166
1952.022, 66.837
1952.024, 66.509
1952.276, 66.18
1952.278, 65.851
1952.28, 65.522
1952.532, 65.194
1952.534, 64.865
1952.787, 64.536
1952.789, 64.208
1953.041, 63.879
1953.043, 63.55
1953.295, 63.222
1953.546, 63.222
1953.798, 62.893
1954.048, 62.894
1954.3, 62.565
1954.553, 62.237
1954.555, 61.908
1954.557, 61.579
1954.809, 61.251
1954.811, 60.922
1954.813, 60.593
1954.815, 60.264
1955.067, 59.935
1955.069, 59.607
1955.072, 59.278
1955.324, 58.948
1955.326, 58.62
1955.328, 58.292
1955.58, 57.963
1955.581, 57.634
1955.584, 57.305
1955.837, 56.976
1955.839, 56.648
1955.841, 56.319
1956.093, 55.991
1956.095, 55.662
1956.097, 55.333
1956.349, 55.005
1956.351, 54.676
1956.354, 54.347
1956.605, 54.018
1956.608, 53.689
1956.609, 53.361
1956.862, 53.032
1956.863, 52.702
1957.117, 52.375
1957.119, 52.046
1957.121, 51.717
1957.373, 51.389
1957.625, 51.06
1957.875, 51.06
1958.128, 50.732
1958.38, 50.403
1958.632, 50.075
1958.634, 49.746
1958.887, 49.417
1959.139, 49.089
1959.141, 48.76
1959.393, 48.431
1959.395, 48.103
1959.648, 47.774
1959.9, 47.446
1959.902, 47.117
1960.154, 46.788
1960.156, 46.459
1960.408, 46.131
1960.661, 45.802
1960.663, 45.472
1960.915, 45.145
1961.167, 44.815
1961.169, 44.488
1961.422, 44.159
1961.424, 43.83
1961.676, 43.502
1961.928, 43.173
1961.93, 42.843
1962.183, 42.516
1962.435, 42.187
1962.687, 41.859
1962.939, 41.53
1963.192, 41.202
1963.194, 40.873
1963.446, 40.544
1963.698, 40.216
1963.7, 39.887
1963.952, 39.558
1963.955, 39.23
1964.207, 38.901
1964.459, 38.572
1964.461, 38.244
1964.714, 37.915
1964.716, 37.585
1964.968, 37.258
1965.22, 36.929
1965.222, 36.6
1965.475, 36.272
1965.725, 36.272
1965.976, 35.944
1966.229, 35.615
1966.482, 35.287
1966.732, 35.287
1966.984, 34.958
1967.234, 34.959
1967.484, 34.959
1967.734, 34.959
1967.987, 34.631
1968.237, 34.631
1968.488, 34.631
1968.74, 34.303
1968.992, 33.974
1968.994, 33.645
1969.246, 33.317
1969.499, 32.988
1969.751, 32.66
1970.003, 32.331
1970.254, 32.331
1970.256, 32.003
1970.506, 32.003
1970.756, 32.003
1971.006, 32.004
1971.256, 32.004
1971.507, 32.004
1971.757, 32.004
1972.007, 32.005
1972.257, 32.005
1972.508, 32.005
1972.76, 31.677
1973.012, 31.347
1973.264, 31.02
1973.517, 30.69
1973.769, 30.363
1974.021, 30.034
1974.274, 29.706
1974.522, 30.035
1974.77, 30.363
1975.018, 30.693
1975.266, 31.022
1975.514, 31.351
1975.763, 31.68
1976.011, 32.009
1976.259, 32.339
1976.507, 32.668
1976.505, 32.996
1976.753, 33.326
1977.001, 33.655
1977.249, 33.984
1977.498, 34.313
1977.746, 34.642
1977.996, 34.642
1978.244, 34.972
1978.242, 35.3
1978.24, 35.629
1978.488, 35.958
1978.486, 36.287
1978.734, 36.616
1978.982, 36.944
1978.98, 37.274
1979.229, 37.603
1979.227, 37.932
1979.475, 38.261
1979.472, 38.589
1979.721, 38.919
1979.718, 39.248
1979.717, 39.577
1979.964, 39.906
1979.963, 40.234
1980.211, 40.564
1980.209, 40.893
1980.457, 41.222
1980.705, 41.551
1980.952, 41.88
1981.202, 42.209
1981.199, 42.538
1981.448, 42.867
1981.446, 43.196
1981.444, 43.525
1981.692, 43.854
1981.69, 44.183
1981.688, 44.512
1981.686, 44.839
1981.934, 45.17
1981.932, 45.498
1981.93, 45.827
1982.178, 46.156
1982.176, 46.484
1982.424, 46.814
1982.422, 47.143
1982.42, 47.472
1982.668, 47.801
1982.666, 48.13
1982.914, 48.459
1982.912, 48.788
1983.16, 49.117
1983.158, 49.446
1983.406, 49.775
1983.404, 50.104
1983.652, 50.433
1983.65, 50.762
1983.898, 51.091
1984.147, 51.42
1984.145, 51.749
1984.142, 52.078
1984.391, 52.407
1984.389, 52.736
1984.637, 53.065
1984.635, 53.394
1984.883, 53.722
1984.881, 54.052
1985.129, 54.381
1985.127, 54.709
1985.375, 55.039
1985.373, 55.367
1985.621, 55.697
1985.619, 56.025
1985.867, 56.355
1985.865, 56.683
1986.113, 57.012
1986.111, 57.341
1986.362, 57.342
1986.609, 57.671
1986.858, 58.0
1987.106, 58.329
1987.355, 58.329
1987.607, 58.33
1987.857, 58.33
1988.107, 58.33
1988.359, 58.002
1988.609, 58.002
1988.859, 58.002
1989.112, 57.674
1989.362, 57.674
1989.612, 57.674
1989.863, 57.675
1990.111, 58.004
1990.359, 58.333
1990.607, 58.662
1990.855, 58.991
1990.853, 59.32
1991.101, 59.649
1991.35, 59.978
1991.347, 60.307
1991.345, 60.636
1991.593, 60.964
1991.592, 61.294
1991.839, 61.623
1991.838, 61.952
1991.835, 62.28
1991.834, 62.609
1991.831, 62.938
1991.829, 63.267
1992.078, 63.596
1992.076, 63.925
1992.073, 64.254
1992.322, 64.583
1992.32, 64.912
1992.318, 65.241
1992.565, 65.569
1992.564, 65.898
1992.812, 66.228
1992.81, 66.556
1992.808, 66.885
1993.056, 67.214
1993.054, 67.543
1993.302, 67.871
1993.3, 68.201
1993.548, 68.53
1993.796, 68.859
1993.794, 69.188
1994.042, 69.517
1994.291, 69.846
1994.288, 70.175
1994.537, 70.504
1994.785, 70.834
1994.783, 71.162
1995.031, 71.492
1995.281, 71.492
1995.529, 71.821
1995.777, 72.15
1996.028, 72.15
1996.278, 72.151
1996.528, 72.151
1996.78, 71.822
1997.031, 71.823
1997.281, 71.823
1997.531, 71.823
1997.781, 71.823
1998.031, 71.823
1998.282, 71.823
1998.532, 71.823
1998.784, 71.496
1999.034, 71.496
1999.287, 71.168
1999.289, 70.839
1999.291, 70.51
1999.543, 70.181
1999.545, 69.853
1999.797, 69.524
1999.799, 69.195
2000.05, 69.196
2000.052, 68.867
2000.302, 68.867
2000.552, 68.867
2000.802, 68.867
2001.051, 69.197
2001.299, 69.526
2001.547, 69.855
2001.795, 70.184
2002.043, 70.513
2002.291, 70.842
2002.289, 71.171
2002.538, 71.5
2002.786, 71.829
2002.784, 72.158
2003.032, 72.487
2003.28, 72.817
2003.278, 73.145
2003.526, 73.474
2003.524, 73.803
2003.522, 74.132
2003.77, 74.461
2004.018, 74.79
2004.266, 75.12
2004.515, 75.449
2004.765, 75.449
2005.015, 75.449
2005.267, 75.121
2005.518, 75.121
2005.77, 74.792
2006.022, 74.464
2006.274, 74.135
2006.527, 73.807
2006.777, 73.807
2007.027, 73.807
2007.275, 74.137
2007.273, 74.465
2007.271, 74.794
2007.269, 75.123
2007.517, 75.452
2007.515, 75.781
2007.513, 76.11
2007.511, 76.439
2007.759, 76.768
2007.757, 77.097
2007.755, 77.425
2007.753, 77.754
2007.751, 78.083
2007.749, 78.412
2007.746, 78.741
2007.745, 79.07
2007.742, 79.398
2007.741, 79.726
2007.738, 80.056
2007.737, 80.385
2007.734, 80.714
2007.983, 81.043
2007.98, 81.371
2007.979, 81.701
2007.976, 82.029
2007.975, 82.358
2007.972, 82.687
2007.97, 83.016
2007.968, 83.345
2008.217, 83.674
2008.214, 84.003
2008.212, 84.331
2008.21, 84.66
2008.208, 84.988
2008.206, 85.318
2008.204, 85.647
2008.202, 85.976
2008.45, 86.305
2008.448, 86.634
2008.446, 86.962
2008.444, 87.291
2008.442, 87.62
2008.44, 87.948
2008.438, 88.278
2008.686, 88.607
2008.684, 88.936
2008.682, 89.264
2008.68, 89.593
2008.678, 89.922
2008.676, 90.251
2008.924, 90.58
2008.922, 90.909
2008.92, 91.238
2008.918, 91.567
2008.916, 91.895
2008.914, 92.224
2009.162, 92.553
2009.16, 92.882
2009.158, 93.211
2009.156, 93.54
2009.154, 93.869
2009.402, 94.198
2009.4, 94.527
2009.398, 94.855
2009.396, 95.184
2009.394, 95.513
2009.642, 95.842
2009.64, 96.171
2009.638, 96.5
2009.886, 96.829
2009.884, 97.158
2009.882, 97.487
2010.13, 97.815
2010.128, 98.145
2010.126, 98.472
2010.374, 98.803
2010.371, 99.131
2010.62, 99.461
2010.617, 99.789
2010.616, 100.117
2010.613, 100.447
2010.862, 100.776
2010.859, 101.105
2010.858, 101.434
2011.106, 101.763
2011.104, 102.092
2011.102, 102.421
2011.1, 102.749
2011.347, 103.079
2011.346, 103.407
2011.343, 103.736
2011.592, 104.065
2011.839, 104.394
2012.088, 104.724
2012.337, 105.053
2012.335, 105.381
2012.585, 105.382
2012.833, 105.71
2013.083, 105.71
2013.333, 105.71
2013.584, 105.712
2013.835, 105.383
2014.086, 105.384
2014.088, 105.055
2014.338, 105.055
2014.589, 105.055
2014.839, 105.056
2015.089, 105.056
2015.337, 105.385
2015.587, 105.385
2015.838, 105.386
2016.09, 105.057
2016.342, 104.729
2016.592, 104.729
2016.593, 104.4
2016.845, 104.4
2017.095, 104.401
2017.345, 104.401
2017.595, 104.401
2017.846, 104.401
2018.096, 104.402
2018.346, 104.402
2018.596, 104.402
2018.593, 104.73
2018.592, 105.06
2018.589, 105.389
2018.588, 105.718
2018.585, 106.046
2018.584, 106.375
2018.831, 106.704
2018.83, 107.033
2018.827, 107.362
2018.826, 107.69
2018.823, 108.02
2018.822, 108.349
2018.819, 108.677
2018.818, 109.006
2018.815, 109.335
2018.814, 109.664
2018.811, 109.992
2018.809, 110.322
2018.807, 110.65
2018.805, 110.979
2018.803, 111.308
2018.801, 111.637
2018.799, 111.966
2018.797, 112.295
2018.795, 112.623
2018.793, 112.952
2018.791, 113.281
2018.789, 113.609
2018.787, 113.939
2018.785, 114.268
2018.783, 114.596
2018.781, 114.925
2018.779, 115.254
2018.777, 115.583
2018.774, 115.912
2018.772, 116.24
2018.77, 116.569
2018.768, 116.898
2018.766, 117.227
2018.764, 117.556
2019.012, 117.885
2019.01, 118.214
2019.008, 118.543
2019.006, 118.871
2019.004, 119.2
2019.002, 119.529
2019.0, 119.858
2018.998, 120.187
2018.996, 120.516
2018.994, 120.843
2018.992, 121.173
2018.99, 121.502
2018.988, 121.831
2018.986, 122.16
2018.984, 122.488
2018.98, 122.817
2018.979, 123.146
2018.976, 123.475
2019.226, 123.804
2019.223, 124.133
2019.221, 124.462
2019.47, 124.791
2019.72, 124.791
2019.968, 125.12
2020.218, 125.121
