2019,15591,1.70
2018,12532,1.40
2017,10508,1.30
2016,164,0
2015,-15500,-2.00
2014,-19199,-2.20
2013,-25689,-2.90
2012,-32873,-3.90
2011,-40077,-4.40
2010,-44455,-5.20
2009,-44328,-5.10
2008,1916,0.20
2007,-780,-0.10
2006,730,0.10
2005,-2717,-0.40
2004,-12017,-1.80
2003,-18228,-3.10
2002,-10090,-2.10
2001,-2053,-0.50
2000,4866,1.20
1999,1133,0.30
1998,-5938,-1.40
1997,-6605,-1.60
1996,-8214,-1.80
1995,-39529,-8.70
1994,-13541,-3.54
1993,-11173,-3.14
1992,-11443,-3.13
1991,-6806,-2.06
1990,-13123,-4.08
1989,-13274,-5.10
1988,-11519,-4.36
1987,-13033,-5.28
1986,-8553,-4.24
1985,-6208,-4.29
1984,-8936,-6.27
1983,-8613,-5.62
1982,-9199,-5.85
1981,-8414,-5.18
1980,-8134,-4.20
